micromega2x: -0.5097737670903252
micromega3y: -14.282806834735394
mimosa0x: 0.1601207569508606
mimosa0y: -0.07063051201271404
mimosa1x: -0.06461846057860465
mimosa1y: -0.09961266679960284
mimosa2x: 0.05954989388342275
mimosa2y: -0.011716153431861982
dwc0x: 0.17213498114834727
dwc0y: 0.026641933809337017
dwc1x: -0.2918359275218577
dwc1y: 0.06619044044300657