micromega1x: -11.003876249108526
micromega2x: -0.12067392450947101
micromega3y: -11.792070772798235
mimosa0x: 0.15857766363244202
mimosa0y: -0.07028009213508736
mimosa1x: -0.06326322992919232
mimosa1y: -0.09760569460731718
mimosa2x: 0.06616577190264392
mimosa2y: -0.005627190126520236
dwc0x: 0.15784118438920705
dwc0y: -0.2245176906119822