micromega1y: -5.550002018703863
micromega2x: 9.993977765153637
micromega3y: -12.417674134453438
mimosa0x: 0.1280648674350116
mimosa0y: -0.07592221686215
mimosa1x: -0.06662978502391795
mimosa1y: -0.10666666168351381
mimosa2x: 0.024718181540863783
mimosa2y: -0.028878914372700584
dwc0x: 0.15218727915480154
dwc0y: -4.044614026327264