micromega1x= -10.564471784019508
micromega2x= -0.025884502340847576
micromega3y= -11.74195086475566
mimosa0x= 0.08463667999269381
mimosa0y= -0.056565280079979845
mimosa1x= -0.06449192869238878
mimosa1y= -0.07193527449474807
mimosa2x= 0.09808760125634848
mimosa2y= -0.004454130628000803
dwc0x= 0.02162774732829503
dwc0y= -0.135752433620644