micromega2x: -0.009960345518459585
micromega3y: -14.405337715395534
mimosa0x: 0.17061679109413821
mimosa0y: -0.07234404218424768
mimosa1x: -0.06982236988228038
mimosa1y: -0.09894339959623508
mimosa2x: 0.06801844002148891
mimosa2y: -0.009712467526636757
dwc0x: 0.17387037222695756
dwc0y: 0.04604069363500818
dwc1x: -0.2894513958896047
dwc1y: 0.10968554108793295