micromega1y: -10.990702845870967
micromega2x: -0.6230715372388512
micromega3y: -14.775851810120347
mimosa0x: 0.16200300477374738
mimosa0y: -0.07188037854438818
mimosa1x: -0.05921837693965215
mimosa1y: -0.09816501082135087
mimosa2x: 0.06484276816637088
mimosa2y: -0.008958339912773188
dwc0x: 0.16247327004382453
dwc0y: -0.2269737482832313