micromega2x: -0.4855971394326089
micromega3y: -14.34577457070237
mimosa0x: 0.17319820342739017
mimosa0y: -0.07166915310713194
mimosa1x: -0.06685395741768074
mimosa1y: -0.09827974368964097
mimosa2x: 0.06512301833793233
mimosa2y: -0.007383863288385509
dwc0x: 0.17034121620716913
dwc0y: 0.04505710459614122
dwc1x: -0.2916191719522605
dwc1y: 0.0862578200993733