micromega2x: -0.48693070314868736
micromega3y: -14.443760129284566
mimosa0x: 0.21980309903771647
mimosa0y: -0.066396029028173
mimosa1x: -0.04876505545246969
mimosa1y: -0.08704591478046834
mimosa2x: 0.14736672084305724
mimosa2y: 0.0238505753671473
dwc0x: 0.14022184830039203
dwc0y: 0.10197279506161537
dwc1x: -0.3037067068306484
dwc1y: 0.14806366529269566