mimosa0x: -0.16200300477374738
mimosa0y: 0.07188037854438818
mimosa1x: 0.05921837693965215
mimosa1y: 0.09816501082135087
mimosa2x: 0.25891844948327086
mimosa2y: 0.0034275123029394207
dwc0x: -0.16333889490991782
dwc0y: 0.22804878290973482
micromega1x: 10.990702845870967
micromega2x: 0.7086610225522185
micromega3y: 14.855087830538443
