micromega2x: -0.5338121095539183
micromega3y: -14.75134100872843
mimosa0x: 0.1729982643612816
mimosa0y: -0.07177875004281685
mimosa1x: -0.059916940432481566
mimosa1y: -0.09945364427195044
mimosa2x: 0.07146368467134097
mimosa2y: -0.008813961924601273
dwc0x: 0.1635554984907129
dwc0y: 0.03343788299182918
dwc1x: -0.29198182639470904
dwc1y: 0.08798047097967401